	(u'aa',)	(u'ae',)	(u'ah',)	(u'ao',)	(u'aw',)	(u'ax',)	(u'ay',)	(u'b',)	(u'ch',)	(u'd',)	(u'dh',)	(u'eh',)	(u'er',)	(u'ey',)	(u'f',)	(u'g',)	(u'hh',)	(u'ih',)	(u'iy',)	(u'jh',)	(u'k',)	(u'l',)	(u'm',)	(u'n',)	(u'ng',)	(u'ow',)	(u'oy',)	(u'p',)	(u'r',)	(u's',)	(u'sh',)	(u't',)	(u'th',)	(u'uh',)	(u'uw',)	(u'v',)	(u'w',)	(u'y',)	(u'z',)
(u'aa',)	0	0	0	0	0	0	0	0.0	0	0.0	0	0	0	0	0.0	0	0	0	0	0	0.0	0	0.0	0.0	0	0	0	0.0	0.0	0	0	0.0	0	0	0	0	0	0	0.0
(u'ae',)	0.232	0	0	0	0	0	0	0.928	0	0.58	0.986	0	0	0	0.232	0	0	0.58	0	0	0	0	0.232	0.0257777777778	0	0	0	0.0	0.116	0	0	0.0	0.0	0	0	0.0	1	0	0
(u'ah',)	0	0	0	0	0	0	0	0.1392	0	0	1	0	0	0	0.1392	0	0	0	0	0	0.174	0	0.02784	0.1392	0	0	0	0.0	0	0.02784	0.2784	0.0	0	0	0	0.0	0	0	0.0
(u'ao',)	0	0	0	0	0	0.0	0	0	0	0	0	0	0	0	0.0	0	0	0	0	0	0.0	0.0	0	0	0	0	0	0	0.0	0	0	0	0	0	0	0	0	0	0.0
(u'aw',)	0.0618666666667	0	0	0	0	0	0	0	0	0.154666666667	1	0	0	0	0.1856	0	0	0.464	0	0	0.154666666667	0	0	0.106057142857	0	0	0	0	0	0.0412444444444	0	0.0	0	0	0	0	0.58	0	0
(u'ax',)	0	0.4872	0	0	0	0.1624	0	0.0866133333333	0.0	0.270666666667	0.55216	0	0	0	0.0541333333333	0.0147636363636	0.236218181818	0.812	0.0	0.1624	0.203	0.0056	0.0341894736842	0.0721777777778	0.0	0	0	0.0	0.2436	0.0382117647059	0	0.0	0	0	0	0.0	0.58	1	0.0
(u'ay',)	0	0	0	0	0	0	0	0	0	0	0.0	0	0	0	0	0	0.0	0	0	0	0.0	0.0	0.0	0.0	0	0	0	0.0	0.0	0.0	0.0	0.0	0.0	0	0	0.0	0.0	0.0	0.0
(u'b',)	0.0348	0.04176	0.00535384615385	0.0232	0.0	0.0174	0.087	0	0	0	0	0.0348	0	0.0	0	0	0	0.087	0.0	0	0	0	0	0	0	0	0.0	0	0.1044	0	0	0	0	0	0	0	0	1	0
(u'ch',)	0	0	0	0	0	0	0	0	0	0	0.0	0.0	0.0	0.0	0	0	0	0	0.0	0	0	0	0	0	0	0	0	0	0	0	0	0	0	0	0	0	0	0	0
(u'd',)	0	0.4872	0.01624	0	0.0	0.03248	0.812	1	0	0.406	0.250981818182	0	0.0	0	0.3248	0	1	0.116	0.0	0.1624	0.812	0	0.216533333333	0.6496	0	1	0	0.0	0.2436	0.216533333333	0.3248	0.0	0	0	0.00854736842105	0	1	0.77952	0.0
(u'dh',)	0	0.0	0	0	0	0.0	0	0	0	0	0.0	0.0	0.0	0.0	0	0	0	0	0.0	0	0	0	0	0	0	0.0	0	0	0	0	0	0	0	0	0	0	0	0	0
(u'eh',)	0	0	0	0	0	0	0	0	0	0.0	0	0	0	0	0	0	0	0	0	0	0.0	0.0	0.0	0.0	0	0	0	0	0.0	0.0	0	0.0	0	0	0	0.0	0	0	0
(u'er',)	0.4176	0.6264	0	0	0	0.1044	0	1	0	0.522	1	0	0	0	0	0.1044	1	1	0	0.2088	0	0	0	0.151854545455	0	0	0	0.0	0.6264	0.119314285714	0.8352	0.0	0	0	0	0	1	0	0
(u'ey',)	0.08816	1	0	0.4408	0	0	0.734666666667	0.4408	0.0	1	1	0	0	0	0.8816	0.4408	1	1	0	0.4408	0.367333333333	0	0.4408	0.4408	0	0	0	0.0	0	0.35264	1	0.0	0	0	0	0	1	1	0
(u'f',)	0	0.0522	0	0.0174	0	0.0696	0.174	0.5568	0	0.348	0	0	0.0	0	0	0	0	0.348	0.0	0	0	0.0232	0	0	0	0	0	0	0.0696	0	0	0	0	0	0	0	1	1	0
(u'g',)	0.0	0	0	0	0	0	0	0	0	0	0	0.0	0	0	0	0	0	0	0	0	0	0	0	0	0	0.0	0	0	0	0	0	0	0	0.0	0	0	0	0	0
(u'hh',)	0	0.0	0.0	0	0.0	0.0	0	0	0	0	0	0.0	0.0	0	0	0	0	0.0	0	0	0	0	0	0	0	0	0	0	0	0	0	0	0	0	0.0	0	0	0	0
(u'ih',)	0	0	0	0	0	0	0	0	0	0.0	0.0	0	0	0	0.0	0	0	0	0	0	0.0	0.0	0.0	0.0	0.0	0	0	0	0.0	0	0	0.0	0	0	0	0	0	0	0.0
(u'iy',)	0.464	0.696	0	0	0	0.0464	1	0.928	0.0	0.105454545455	1	0	0	0	0.464	0.0773333333333	0.7424	0.29	0	0.0773333333333	0.29	0.0464	0	0.3712	0	0	0	0.0	0	0.309333333333	0.154666666667	0.0	0.0	0	0	0.0	1	0	0.0
(u'jh',)	0.0	0	0.0	0	0	0.0	0	0	0	0	0	0	0.0	0	0	0	0.0	0	0	0	0	0	0	0	0	0	0	0	0	0	0	0	0	0	0.0	0	0	0	0
(u'k',)	0.0464	0.00366315789474	0.00464	0.00386666666667	0	0.0116	0.058	0.0928	0	0	0.0986	0.0464	0	0.0	0.0464	0	0.3712	0.058	0.0	0	0	0.00386666666667	0	0	0	1	0	0	0	0.0116	0	0.0	0	0	0	0	0.0828571428571	0.5568	0
(u'l',)	0	0.0348	0.0116	0.0116	0	0.0116	0.0116	0.01856	0	0.0386666666667	0.1972	0.00928	0	0.0	0.0154666666667	0.0116	0.1856	0.00828571428571	0.0	0.00773333333333	0.116	0.00773333333333	0.0464	0	0	0.165714285714	0	0.0	0.0348	0.0464	0	0.0	0	0.0058	0	0.0	0.58	0	0.0
(u'm',)	0.15776	1	0.07888	0.131466666667	0.0	0.131466666667	0.493	1	0.0	1	1	0.131466666667	0	0.0	0.7888	0.0986	1	0.3944	0.0	0	1	0	0	0	0	1	0	0.0	0	1	0	0.0	0.0	0	0.0438222222222	0	1	1	0
(u'n',)	0.10208	0.7656	0	0	0.0	0.00911428571429	0	0.5104	0	0.058	0.309885714286	0	0	0	0.5104	0	1	0.638	0.0	0.1276	0	0.0425333333333	0.5104	1	0	1	0	0.0	0	0.2552	1	0.0	0	0	0.0319	0	1	0.40832	0.0
(u'ng',)	0.0464	0	0	0.0232	0	0.0116	0	0	0	0.058	0.07888	0	0	0	0	0	0	0.0386666666667	0	0	0.0193333333333	0	0.0464	0	0	0	0	0	0	0	0	0.0	0	0	0	0.0	0	0.5568	0.0
(u'ow',)	0	0	0	0	0	0.06032	0.502666666667	1	0	0.251333333333	1	0	0	0	0	0	1	0.502666666667	0	0	0.052	0.1508	0	0.3016	0	1	0	0.0	0	1	0.6032	0.0	0	0	0	0.0	1	1	0.0
(u'oy',)	0	0	0	0	0	0	0	0	0	0	0.3944	0	0	0	0	0	0	0	0	0	0	0	0	0	0	0	0	0	0	0	0	0	0	0	0	0	0	0	0.0
(u'p',)	0.0696	0	0.0348	0.0696	0	0.0174	0	0	0	0	0.3944	0	0.0	0.0	0	0	0.22272	0.174	0.0	0	0	0.00994285714286	0.2784	0	0	0	0	0	0.0696	0.2784	0	0	0	0.00348	0	0	0	0	0
(u'r',)	0.0994285714286	0.522	0.0696	0.174	0.0	0.087	0.29	1	0	0.435	0.657333333333	0.174	0	0	0.232	0.348	0	0.29	0.0	0.348	1	0.087	0.696	1	0	1	0	0.0	0.522	0	0	0.0	0	0	0.087	0	1	1	0.0
(u's',)	0.2204	0.6612	0.1102	0.2204	0	0.0551	0	1	0	1	1	0.2204	0	0.0	0	0.4408	1	0.551	0.0	0	0.551	0.2204	1	1	0	1	0	0.0	0	1	0.8816	0.0	0.0	0	0	0.0	1	0	0
(u'sh',)	0	0.0696	0.0232	0	0	0	0	0	0	0	0	0.0116	0	0	0	0	0.3712	0.116	0.0	0	0	0.0232	0	0	0	0	0	0	0	0	0	0	0	0.00232	0.0232	0	0	0	0
(u't',)	0.3248	0.9744	0.0812	0.216533333333	0	0.0103111111111	1	1	0	0.360888888889	0.6902	0.144355555556	0.0	0.0	0.25984	0.3248	1	0.406	0.0	0.6496	1	0.6496	0.433066666667	1	0	0	0.0	0.0	0.38976	0.123733333333	0.51968	0.0	0.0	0	0.108266666667	0	1	1	0
(u'th',)	0	0	0	0.0	0	0.0	0	0	0	0	0	0	0	0	0	0	0	0.0	0	0	0	0	0	0	0	0	0	0	0	0	0	0.0	0	0	0	0	0	0	0
(u'uh',)	0	0	0	0	0	0	0	0	0	0.0	0	0	0	0	0	0	0	0	0	0	0.0	0	0	0	0	0	0	0	0.0	0	0.0	0.0	0	0	0	0	0	0	0
(u'uw',)	0.232	0.696	0	0	0	0.0773333333333	0	0	0	0.145	1	0.464	0	0	0.232	0.029	0.7424	1	0	0	0.128888888889	0.0773333333333	0.232	0.618666666667	0	0	0	0.0	0	0.1856	0.464	0.0	0.0	0	0	0.0	0.58	0.5568	0.0
(u'v',)	0	0.0696	0	0.0464	0	0.00515555555556	0	0.3712	0.0	0.232	0.15776	0.0464	0.0	0	0.0928	0.0232	0	0.0773333333333	0.0	0	0	0	0.0928	0.3712	0	0	0	0	0.1392	0.1856	0	0.0	0	0	0	0	1	0	0.0
(u'w',)	0.0	0	0.0	0.0	0	0	0.0	0	0	0	0	0.0	0.0	0.0	0	0	0	0.0	0.0	0	0	0	0	0	0	0	0	0	0	0	0	0	0	0.0	0	0	0	0	0
(u'y',)	0	0.0	0	0.0	0	0	0	0	0	0	0	0.0	0.0	0	0	0	0	0	0	0	0	0	0	0	0	0	0	0	0	0	0	0	0	0.0	0.0	0	0	0	0
(u'z',)	0.1624	0.4872	0	0	0	0.0812	0.812	0	0	0.812	0.3944	0	0	0	0.3248	0.1624	1	0.135333333333	0	0.1624	0	0.1624	0	0.25984	0	0	0	0.0	0.4872	0.6496	0.6496	0.0	0	0	0	0	0	1	0
